$ANSIBLE_VAULT;1.1;AES256
62356634313163313664366333616631336130383861356532373533353562623863396335326563
3032356663616232363866303635656433623962613262360a646537643134326138386331303964
38346337663634656335343633366635303230353366613432346336383335613062653266656636
3333303235666439650a363636383365333465333933396338303938623366336439303130316632
34343064623034376239346633653938656437396162643831333535643062373631316632616530
31626638313030643862653665346165313935623034666366623864626634306436313937643833
38363437393563363062613239323239363965333233623131643237616665363263383637646530
31343062383035303965313961356264376466366562376331393032353837656162643132633133
62343632623137353139393831303132613930316533313632376162646666316461616566383462
35616163326634343536396431613631656330323965623635333139323564643865393430616265
646232643366363637666566353435386536
